1
2
3
5
6
7
8
9
10
11
12
13
14
15
16
17
18
20
21
22
23
24
25
27
28
29
30
32
35
36
37
38
39
41
42
43
44
45
48
49
50
51
52
53
54
55
56
57
58
59
61
62
63
65
66
67
69
70
71
72
73
74
75
76
78
80
81
82
83
86
90
92
93
94
96
97
98
99
102
103
104
105
106
107
108
109
113
114
115
116
117
119
120
121
123
125
127
132
133
135
136
144
145
149
150
152
153
155
157
159
160
161
162
163
165
166
167
168
169
171
172
174
177
179
181
182
184
185
186
187
189
190
191
196
198
199
200
202
203
207
209
213
219
220
221
222
224
228
229
230
231
232
233
234
235
236
239
240
241
243
244
245
248
249
252
254
257
258
259
260
261
262
263
264
265
266
268
270
271
272
273
275
276
277
278
279
280
282
283
284
285
286
287
288
289
290
291
292
293
294
295
296
297
298
299
300
301
302
304
305
308
309
313
314
315
316
320
321
322
323
325
327
328
329
330
332
333
334
336
337
339
340
341
342
344
346
347
348
350
351
352
353
354
355
356
357
358
359
361
362
363
364
365
366
367
368
369
370
371
372
373
375
376
377
378
379
380
381
382
383
384
385
386
387
389
390
392
393
395
396
398
401
402
403
404
405
406
407
408
409
410
411
412
413
414
415
416
417
418
419
420
423
424
425
426
428
429
430
431
432
433
434
435
437
439
440
441
443
444
445
446
447
449
450
451
454
455
456
457
458
459
460
461
462
463
464
465
466
467
468
469
470
473
475
476
477
478
479
480
481
482
483
484
485
486
487
488
490
491
492
493
494
495
496
498
499
500
501
502
503
504
505
506
507
508
510
512
514
515
516
517
518
519
520
521
522
523
524
525
526
527
528
529
530
531
532
533
534
535
536
537
538
540
541
546
553
554
555
556
558
559
560
561
562
563
565
568
572
573
574
575
576
577
579
580
581
586
589
591
592
595
598
599
600
601
602
603
604
610
611
612
615
619
620
621
623
625
626
627
628
629
630
631
632
633
634
635
636
637
638
639
641
642
643
644
645
646
647
648
650
652
653
654
655
656
658
660
661
662
664
665
666
667
668
669
670
672
673
674
676
680
681
683
684
685
686
687
688
689
690
691
692
693
694
695
696
697
699
700
701
702
703
704
705
706
708
711
713
714
716
717
718
719
721
722
723
724
725
726
727
728
729
730
731
732
733
734
735
736
738
739
740
741
742
743
744
745
746
750
751
753
754
755
756
757
760
761
762
764
765
766
767
768
769
773
774
776
777
778
779
780
783
785
788
789
790
791
793
794
795
796
797
798
799
801
802
804
805
806
807
808
809
810
813
814
815
816
817
818
819
821
822
823
824
825
826
827
828
829
830
832
833
834
835
836
837
838
839
841
842
843
844
845
846
847
848
850
852
853
855
856
857
858
859
860
863
864
866
868
869
871
874
875
876
879
880
882
884
885
886
887
888
889
890
891
892
893
895
896
897
898
899
900
901
902
903
904
905
906
907
908
909
910
911
912
913
914
915
916
917
918
920
921
922
923
924
926
927
928
930
931
932
933
934
936
937
939
940
941
942
943
945
946
947
949
950
951
952
953
957
958
959
960
961
963
967
970
977
979
981
982
984
987
989
992
994
995
996
999
1003
1004
1006
1008
1010
1012
1013
1014
1016
1018
1020
1024
1025
1028
1029
1031
1032
1033
1037
1042
1045
1047
1049
1050
1052
1053
1054
1056
1057
1058
1060
1061
1065
1069
1070
1072
1076
1077
1081
1082
1085
1088
1089
1094
1097
1098
1099
1100
1104
1109
1113
1115
1117
1118
1120
1122
1123
1125
1134
1136
1143
1144
1145
1147
1148
1159
1162
1164
1172
1176
1177
1183
1184
1188
1191
1193
1195
1198
1203
1205
1208
1209
1212
1215
1216
1219
1226
1228
1231
1233
1234
1236
1237
1252
1254
1255
1256
1266
1268
1271
1274
1275
1277
1279
1283
1290
1292
1295
1298
1300
1301
1304
1309
1310
1311
1314
1315
1318
1319
1324
1326
1328
1329
1339
1344
1350
1351
1358
1360
1362
1363
1364
1365
1371
1375
1379
1384
1385
1387
1388
1394
1396
1400
1402
1407
1410
1411
1412
1413
1414
1421
1422
1423
1424
1436
1437
1441
1442
1444
1445
1447
1455
1457
1458
1461
1464
1465
1467
1469
1470
1471
1473
1475
1477
1478
1480
1482
1485
1486
1487
1488
1489
1490
1492
1493
1496
1498
1499
1502
1504
1508
1511
1512
1522
1524
1529
1531
1536
1539
1540
1541
1542
1543
1544
1545
1546
1548
1549
1551
1554
1556
1557
1558
1559
1560
1562
1563
1564
1565
1566
1569
1570
1572
1573
1574
1575
1576
1577
1578
1579
1580
1583
1584
1585
1586
1587
1588
1589
1590
1592
1593
1594
1595
1596
1597
1598
1599
1600
1601
1603
1604
1606
1607
1608
1610
1611
1613
1614
1619
1621
1623
1624
1626
1627
1628
1631
1632
1636
1638
1639
1645
1646
1647
1651
1664
1666
1671
1678
1679
1683
1687
1689
1693
1694
1696
1697
1709
1715
1717
1718
1722
1725
1726
1734
1737
1738
1740
1743
1746
1747
1748
1749
1753
1755
1757
1758
1760
1763
1766
1767
1770
1772
1784
1785
1786
1787
1790
1791
1792
1794
1795
1800
1802
1804
1805
1806
1813
1815
1816
1819
1821
1824
1825
1827
1831
1835
1839
1841
1842
1844
1846
1850
1852
1854
1856
1858
1873
1874
1878
1879
1880
1882
1888
1891
1892
1896
1897
1898
1899
1900
1901
1902
1904
1905
1906
1907
1911
1914
1915
1916
1919
1924
1932
1934
1935
1943
1944
1945
1947
1949
1954
1956
1958
1959
1960
1961
1965
1967
1968
1972
1973
1976
1978
1981
1991
1994
1996
2001
2003
2007
2012
2021
2023
2027
2036
2037
2039
2040
2041
2045
2051
2052
2053
2054
2055
2056
2059
2060
2061
2063
2064
2066
2067
2069
2070
2071
2072
2074
2080
2087
2097
2098
2099
2102
2103
2106
2133
2235
2240
2266
2281
2315
2346
2359
2364
2411
2494
2498
2531
2558
2565
2593
2623
2673
2682
2716
2756
2773
2774
2819
2843
2891
2957
2958
2966
2969
3038
3069
3074
3099
3101
3127
3148
3161
3171
3183
3184
3185
3228
3242
3269
3279
3280
3313
3321
3327
3342
3359
3370
3389
3400
3413
3445
3452
3454
3478
3483
3504
3517
3604
3605
3644
3677
3700
3702
3706
3716
3720
3721
3740
3748
3779
3784
3787
3803
3818
3820
3842
3843
3858
3866
3899
3908
3911
3991
4010
4068
4085
4117
4121
4131
4142
4147
4154
4197
4212
4227
4237
4240
4243
4301
4306
4335
4367
4381
4446
4472
4493
4503
4516
4535
4557
4565
4575
4660
4760
4872
4904
4909
4919
4984
5009
5038
5045
5060
5104
5183
5188
5191
5210
5264
5380
5395
5399
5402
5418
5490
5512
5521
5551
5612
5662
5681
5753
5807
5839
5848
5860
5873
5914
5948
5970
5980
6069
6077
6080
6087
6106
6264
6304
6657
6730
6805
6806
6807
6809
6812
6815
6816
6818
6820
6821
6822
6832
6833
6834
6835
6836
6837
6843
6844
6847
6848
6850
6857
6859
6860
6864
6868
6869
6870
6872
6879
6881
6883
6884
6885
6886
6889
6898
6902
6907
6909
6913
6922
6927
6928
6929
6932
6936
6943
6944
6945
6948
6951
6955
6956
6957
6958
6960
6962
6965
6966
6968
6971
6972
6975
6976
6979
6980
6981
6982
6989
6992
6994
6995
6998
7000
7005
7006
7007
7010
7011
7014
7015
7017
7019
7022
7023
7025
7028
7031
7032
7040
7042
7043
7046
7047
7051
7052
7053
7056
7063
7064
7071
7072
7075
7078
7081
7084
7086
7088
7094
7097
7098
7102
7103
7106
7107
7111
7112
7113
7117
7122
7124
7127
7128
7129
7131
7134
7137
7139
7140
7141
7145
7148
7151
7152
7153
7159
7160
7168
7176
7181
7186
7187
7188
7191
7193
7199
7203
7210
7211
7214
7215
7217
7219
7223
7224
7225
7230
7231
7233
7234
7237
7572
7593
7595
7599
7604
7639
7662
7674
7741
7915
7934
7939
7952
7953
7982
7999
8009
8018
8021
8023
8036
8057
8077
8126
8130
8135
8136
8146
8151
8156
8158
8167
8168
8178
8179
8180
8184
8201
8202
8209
8213
8220
8234
8239
8244
8250
8253
8274
8280
8286
8287
8288
8296
8306
8308
8312
8317
8318
8321
8322
8323
8325
8327
8328
8331
8332
8341
8347
8352
8356
8358
8360
8361
8363
8367
8377
8403
8412
8413
8442
8447
8454
8464
8468
8473
8478
8480
8488
8494
8498
8502
8504
8515
8516
8524
8527
8529
8535
8552
8589
8599
8645
8647
8648
8649
8671
8680
8684
8692
8703
8709
8715
8717
8718
8725
8730
8732
8733
8734
8740
8764
8795
8799
8833
8869
8879
8880
8881
8885
8895
8899
8903
8921
8924
8955
9013
9023
9024
9025
9036
9048
9050
9092
9094
9120
9121
9122
9128
9131
9135
9146
9155
9158
9161
9162
9172
9220
9221
9222
9243
9249
9290
9296
9302
9308
9319
9354
9356
9364
9368
9370
9409
9416
9417
9432
9438
9439
9441
9444
9455
9457
9459
9461
9467
9468
9474
9481
9482
9485
9487
9489
9509
9512
9526
9527
9530
9541
9542
9547
9549
9554
9558
9564
9573
9579
9592
9593
9596
9597
9612
9616
9621
9622
9623
9625
9631
9645
9647
9652
9654
9657
9658
9663
9666
9668
9671
9687
9694
9696
9698
9707
9713
9714
9715
9718
9721
9739
9745
9748
9749
9764
9771
9772
9773
9781
9788
9789
9792
9793
9795
9799
9803
9810
9811
9818
9819
9820
9828
9829
9831
9833
9835
9836
9838
9842
9844
9845
9849
9852
9859
9861
9888
9891
9894
9898
9900
9963
10094
10114
10124
10173
10260
10277
10284
10303
10327
10331
10383
10396
10419
10437
10456
10457
10464
10473
10505
10507
10515
10538
10541
10543
10558
10565
10580
10581
10591
10593
10598
10610
10611
10614
10618
10621
10635
10644
10645
10648
10649
10650
10656
10662
10665
10666
10670
10673
10677
10680
10684
10687
10689
10691
10694
10695
10696
10700
10702
10709
10711
10718
10720
10723
10725
10730
10736
10739
10740
10741
10744
10745
10747
10761
10764
10766
10768
10771
10773
10777
10779
10799
10883
10910
10932
10934
10937
11426
11650
11669
11731
11753
11780
11811
11843
11864
11887
11984
12500
12545
12603
12647
12664
12678
12682
12692
12697
12699
12700
12705
12710
12718
12726
12732
12734
12737
12756
12779
12783
12813
12815
12818
12829
12853
12854
12880
12886
12887
12923
12924
12925
12937
12943
12945
12953
12959
12961
12986
12989
12992
12998
13002
13005
13012
13025
13037
13040
13043
13050
13059
13060
13072
13100
13117
13139
13161
13176
13177
13179
13191
13197
13198
13204
13226
13250
13254
13260
13262
13267
13268
13269
13282
13285
13299
13300
13302
13331
13332
13346
13348
13350
13360
13367
13373
13380
13386
13395
13411
13416
13420
13425
13431
13435
13447
13455
13657
13686
13775
13856
13857
13881
13898
13945
13974
13989
13991
14042
14203
14210
14211
14218
14231
14232
14277
14530
14560
14578
14590
14635
14648
14649
14655
14677
14688
14811
14924
14928
14933
14947
14996
15123
15232
15363
15378
15490
15492
15591
15697
15700
15735
15747
16018
16176
16198
16268
16274
16327
16399
16417
16523
16571
16572
16573
16583
16585
16599
16602
16610
16614
16616
16623
16633
16641
16643
16646
16649
16655
16657
16669
16674
16675
16677
16678
16679
16693
16696
16697
16701
16707
16708
16710
16711
16716
16719
16720
16721
16727
16729
16730
16734
16736
16737
16742
16745
16748
16753
16755
16757
16758
16760
16761
16764
16765
16767
16770
16771
16772
16773
16778
16783
16785
16790
16794
16795
16796
16797
16799
16802
16805
16808
16810
16811
16812
16813
16814
16817
16819
16820
16821
16822
16823
16827
16836
16837
16840
16843
16848
16849
16850
16851
16853
16854
16855
16856
16857
16858
16859
16860
16863
16869
16870
16871
16873
16874
16876
16880
16882
16883
16884
16886
16890
16891
16892
16893
16894
16897
16899
16901
16902
16905
16906
16911
16918
16920
16921
16922
16923
16924
16927
16929
16930
16933
16935
16940
16955
16962
16963
16965
16966
16967
16971
16972
16974
16976
16979
16980
16990
16994
16997
16998
17012
17019
17020
17021
17024
17025
17026
17027
17029
17032
17033
17034
17035
17036
17037
17043
17047
17049
17050
17053
17060
17062
17064
17068
17069
17072
17075
17078
17080
17083
17084
17085
17086
17087
17088
17089
17090
17091
17092
17093
17094
17099
17103
17108
17111
17119
17120
17122
17129
17135
17137
17141
17142
17144
17153
17155
17165
17172
17173
17176
17177
17180
17182
17183
17184
17190
17192
17202
17205
17207
17212
17214
17218
17222
17223
17224
17225
17226
17231
17234
17238
17239
17240
17241
17244
17246
17248
17249
17250
17251
17257
17259
17267
19605
19870
20346
21232
21311
21379
21388
21399
21704
21705
21706
21708
21709
21710
21711
21712
21713
21714
21716
21717
21718
21719
21720
21721
21722
21723
21726
21727
21728
21729
21730
21731
21732
21733
21734
21735
21740
21741
21744
21745
21746
21747
21749
21751
21753
21754
21755
21757
21758
21759
21760
21761
21765
21766
21768
21769
21773
21774
21775
21777
21786
21788
21792
21794
21798
21801
21804
21810
21811
21816
21821
21822
21823
21826
21827
21830
21832
21833
21834
21836
21838
21840
21843
21848
21850
21851
21852
21854
21858
21859
21860
21861
21862
21863
21864
21866
21868
21870
21871
21873
21875
21877
21878
21881
21883
21887
21888
21890
21892
21894
21895
21896
21899
21900
21901
21902
21903
21906
21908
21914
21916
21917
21919
21921
21923
21924
21925
21927
21928
21929
21930
21932
21934
21935
21936
21937
21940
21941
21944
21947
21948
21949
21950
21951
21952
21954
21955
21957
21960
21961
21962
21963
21964
21967
21975
21976
21977
21979
21980
21982
21986
21987
21989
21990
21991
21992
21993
21994
21995
21997
21998
21999
22002
22004
22005
22006
22009
22010
22012
22013
22014
22016
22017
22019
22020
22024
22027
22029
22030
22031
22033
22034
22038
22039
22040
22042
22044
22052
22053
22054
22055
22057
22058
22059
22060
22061
22063
22065
22066
22067
22068
22069
22070
22071
22072
22074
22075
22076
22078
22079
22082
22083
22084
22085
22086
22088
22089
22091
22093
22094
22099
22103
22105
22106
22107
22108
22109
22110
22112
22115
22121
22122
22124
22126
22127
22128
22129
22131
22134
22135
22136
22139
22141
22142
22144
22153
22156
22157
22158
22159
22161
22163
22164
22165
22169
22170
22172
22173
22179
22180
22181
22183
22184
22185
22186
22190
22191
22193
22195
22198
22201
22203
22204
22206
22207
22208
22209
22210
22211
22213
22216
22217
22222
22224
22225
22226
22227
22231
22233
22235
22236
22237
22239
22240
22241
22244
22245
22246
22248
22249
22251
22253
22254
22256
22257
22260
22261
22263
22264
22267
22268
22275
22276
22277
22280
22281
22283
22284
22285
22286
22288
22289
22291
22294
22297
22298
22300
22301
22302
22303
22304
22305
22307
22308
22310
22311
22313
22315
22316
22318
22319
22320
22322
22323
22325
22326
22327
22328
22329
22330
22331
22332
22334
22335
22336
22337
22338
22340
22341
22343
22345
22346
22347
22349
22350
22351
22355
22356
22357
22358
22359
22360
22362
22363
22365
22369
22370
22374
22375
22377
22383
22384
22385
22386
22387
22388
22389
22390
22391
22392
22394
22395
22396
22397
22398
22401
22402
22404
22405
22406
22407
22408
22409
22410
22412
22413
22417
22418
22419
22420
22421
22422
22424
22425
22426
22428
22429
22430
22433
22434
22435
22436
22437
22440
22442
22445
22446
22447
22449
22450
22451
22452
22453
22454
22459
22461
22466
22469
22470
22472
22474
22475
22477
22480
22481
22482
22485
22489
22492
22494
22496
22497
22498
22501
22504
22505
22506
22507
22508
22510
22514
22515
22516
22517
22521
22522
22523
22524
22525
22526
22534
22535
22536
22538
22540
22541
22542
22543
22544
22546
22551
22552
22553
22558
22560
22562
22563
22567
22568
22569
22570
22571
22572
22573
22576
22577
22578
22579
22580
22581
22583
22584
22586
22595
22597
22598
22601
22604
22605
22608
22609
22610
22611
22613
22614
22616
22621
22623
22625
22626
22627
22628
22629
22631
22633
22635
22639
22641
22642
22644
22645
22647
22649
22650
22653
22654
22655
22656
22657
22658
22659
22661
22662
22663
22666
22667
22668
22669
22670
22671
22673
22674
22676
22678
22680
22681
22683
22684
22688
22693
22694
22695
22697
22700
22701
22703
22704
22705
22706
22713
22715
22716
22717
22718
22720
22722
22730
22732
22735
22736
22738
22740
22741
22752
22799
22812
22813
22814
22815
22817
22818
22819
22820
22821
22823
22824
22825
22826
22829
22831
22834
22835
22836
22841
22843
22847
22850
22853
22854
22857
22860
22861
22863
22864
22866
22869
22870
22871
22872
22873
22875
22878
22880
22882
22883
22884
22887
22888
22890
22893
22895
22896
22899
22900
22901
22902
22903
22904
22906
22908
22910
22913
22915
22916
22919
22920
22923
22924
22926
22930
22932
22933
22934
22935
22937
22938
22940
22942
22943
22944
22945
22946
22947
22951
22952
22953
22954
22955
22956
22959
22960
22961
22963
22964
22965
22966
22967
22969
22970
22971
22973
22974
22977
22978
22979
22981
22983
22984
22985
22986
22992
22993
22995
22996
22997
22998
22999
23000
23001
23003
23004
23006
23007
23008
23010
23011
23012
23013
23014
23016
23023
23024
23026
23027
23029
23032
23034
23036
23037
23038
23040
23041
23043
23044
23050
23051
23053
23055
23057
23058
23061
23062
23064
23069
23071
23073
23074
23080
23088
23090
23091
23093
23095
23098
23102
23103
23104
23110
23111
23112
23113
23114
23115
23116
23119
23120
23123
23126
23127
23129
23132
23133
23134
23136
23137
23139
23141
23143
23145
23146
23147
23148
23149
23150
23151
23152
23154
23155
23156
23157
23160
23161
23165
23167
23169
23170
23171
23176
23177
23178
23179
23181
23182
23183
23185
23186
23190
23192
23194
23197
23198
23200
23201
23202
23203
23205
23207
23208
23209
23210
23211
23212
23214
23217
23219
23220
23221
23222
23223
23224
23226
23228
23229
23230
23232
23234
23236
23237
23238
23240
23242
23245
23246
23250
23252
23253
23255
23256
23257
23258
23261
23262
23263
23265
23266
23268
23269
23270
23273
23274
23275
23276
23277
23278
23279
23280
23281
23284
23285
23286
23287
23288
23289
23290
23291
23292
23298
23300
23301
23303
23304
23308
23310
23311
23314
23315
23316
23317
23320
23323
23345
23346
23347
23348
23349
23350
23351
23352
23353
23354
23355
23357
23358
23362
23367
23368
23380
23383
23384
23387
23388
23392
23399
23401
23404
23414
23417
23420
23426
23427
23428
23431
23440
23445
23458
23474
23512
23566
23573
23581
23605
23621
23622
23681
23682
23683
23684
23685
23686
23687
23688
23694
23695
23696
23698
23699
23700
23701
23702
23703
23704
23705
23706
23707
23709
23710
23713
23714
23715
23717
23718
23719
23720
23721
23722
23723
23728
23729
23730
23732
23733
23734
23735
23736
23737
23738
23739
23740
23741
23742
23745
23746
23747
23750
23751
23753
23754
23757
23758
23759
23760
23761
23762
23763
23764
23767
23789
